d[1]
1
2
3
4
5
6
7
8
9

d[2]

10
21                      101
12 32                   121 123
						210 212
23                      232 234
                        321 323
34                      343 345
43                      432 434
45                      454 456
54                      543 545
56                      565 567                     
65                      654 656
67                      676 678
76                      765 767
78                      787 789
87                      876 878
89                      898
98                      987 989



